5521 1.20358
5522 0.708818
5523 1.3217
5524 1.43809
5525 1.6158
5526 1.02615
5527 0.746377
5528 2.00638
5529 1.585
5530 2.81116
5531 2.83658
5532 0.7606
5533 2.94119
5534 1.15704
5535 0.622842
5536 2.37758
5537 -0.0101559
5538 2.06189
5539 0.561493
5540 1.17461
5541 -0.171506
5542 1.23142
5543 2.07942
5544 0.919761
5545 2.30195
5546 1.6953
5547 2.5341
5548 2.85315
5549 1.52083
5550 -0.405831
5551 1.38025
5552 -0.406924
5553 2.2205
5554 2.26555
5555 1.95444
5556 -0.755893
5557 0.544255
5558 1.06362
5559 0.551865
5560 1.90375
5561 -0.807421
5562 0.676755
5563 0.00652705
5564 0.257951
5565 1.90149
5566 2.10043
5567 1.6332
5568 1.48681
5569 2.08563
5570 1.05079
5571 1.93135
5572 0.188224
5573 0.515725
5574 1.40984
5575 0.777121
5576 1.15237
5577 1.63042
5578 2.68638
5579 1.33179
5580 1.0609
5581 0.919517
5582 2.49045
5583 1.2952
5584 -0.348366
5585 1.57027
5586 0.761908
5587 2.32325
5588 1.52152
5589 1.59264
5590 1.03637
5591 1.06493
5592 -0.21641
5593 1.65185
5594 3.00625
5595 3.19011
5596 2.0359
5597 1.37825
5598 -0.253531
5599 2.55844
5600 0.263981
5601 2.80402
5602 2.95204
5603 2.10409
5604 2.5623
5605 0.347947
5606 1.00671
5607 1.49896
5608 1.61451
5609 1.40699
5610 -0.0135689
5611 1.65054
5612 3.1419
5613 1.9127
5614 2.60928
5615 1.78795
5616 4.21985
5617 2.05195
5618 1.3365
5619 -0.663403
5620 0.466632
5621 1.25136
5622 -0.0149073
5623 2.42247
5624 -0.319113
5625 0.476585
5626 2.50248
5627 1.08791
5628 1.75575
5629 3.07948
5630 1.62984
5631 -0.82277
5632 1.93321
5633 0.827912
5634 1.30313
5635 1.13089
5636 -0.306035
5637 2.16822
5638 3.19605
5639 0.197674
5640 2.47537
5641 0.279531
5642 2.44053
5643 2.69379
5644 1.96036
5645 2.29955
5646 1.67578
5647 1.47732
5648 1.64662
5649 0.990964
5650 0.790029
5651 2.19581
5652 1.42202
5653 1.01442
5654 1.24158
5655 3.62537
5656 0.290576
5657 2.14926
5658 -0.14161
5659 1.0507
5660 2.0536
5661 -1.02671
5662 1.76781
5663 0.509449
5664 1.09475
5665 -0.484143
5666 1.29589
5667 2.12587
5668 0.927707
5669 1.71251
5670 2.09675
5671 2.28927
5672 1.44047
5673 0.594235
5674 1.15747
5675 1.48351
5676 0.773139
5677 2.20106
5678 0.692262
5679 0.812931
5680 1.44248
5681 0.4525
5682 0.0657855
5683 -0.19913
5684 0.473236
5685 0.735627
5686 0.69098
5687 1.10308
5688 1.80493
5689 0.789276
5690 2.75716
5691 1.24431
5692 1.30927
5693 2.44591
5694 0.538213
5695 2.33988
5696 1.03632
5697 2.30964
5698 1.53851
5699 1.8089
5700 2.90834
5701 1.98459
5702 0.832924
5703 1.23987
5704 1.49487
5705 0.18565
5706 0.660919
5707 0.950355
5708 1.98048
5709 1.11276
5710 1.00407
5711 2.63712
5712 -0.347245
5713 0.761003
5714 1.95829
5715 1.27471
5716 1.77187
5717 1.45061
5718 0.705602
5719 2.05089
5720 2.81653
5721 0.965496
5722 2.15605
5723 1.23922
5724 2.14989
5725 1.75774
5726 1.71262
5727 2.21594
5728 0.523216
5729 2.94329
5730 0.744156
5731 0.936054
5732 0.879028
5733 0.260089
5734 1.8632
5735 0.396548
5736 0.990069
5737 3.04764
5738 2.74914
5739 0.664874
5740 2.62365
5741 0.518415
5742 2.01914
5743 1.66868
5744 0.876912
5745 2.82236
5746 -0.0832183
5747 3.42344
5748 2.49606
5749 2.28505
5750 2.18296
5751 2.36608
5752 2.07327
5753 2.61606
5754 1.81159
5755 2.10216
5756 2.17643
5757 1.30882
5758 2.21142
5759 2.71804
5760 1.71605
5761 0.697569
5762 1.95394
5763 0.478738
5764 2.13259
5765 0.884391
5766 0.634601
5767 0.970002
5768 1.48245
5769 1.34365
5770 0.48098
5771 1.37876
5772 1.29012
5773 2.35419
5774 1.72866
5775 1.53205
5776 0.324129
5777 0.679272
5778 1.30911
5779 1.37194
5780 2.19
5781 -0.0400459
5782 0.844637
5783 0.40186
5784 3.11014
5785 2.27166
5786 0.484194
5787 0.447675
5788 1.20185
5789 1.14439
5790 1.52125
5791 1.20931
5792 1.03532
5793 1.29621
5794 0.237856
5795 2.04342
5796 1.71279
5797 1.80343
5798 3.24185
5799 -0.018314
5800 1.3244
5801 1.40076
5802 2.64614
5803 1.25727
5804 2.76877
5805 1.51471
5806 1.92742
5807 0.457278
5808 1.72302
5809 1.66429
5810 1.52863
5811 1.17804
5812 1.47839
5813 2.11131
5814 1.74651
5815 1.71779
5816 1.55455
5817 1.04613
5818 1.22541
5819 2.02873
5820 1.76295
5821 1.0502
5822 0.502202
5823 1.84422
5824 -0.150272
5825 -0.137073
5826 1.61539
5827 0.701279
5828 1.42865
5829 1.63949
5830 1.80237
5831 0.995176
5832 0.725251
5833 1.32548
5834 3.10705
5835 0.987916
5836 1.11209
5837 0.517458
5838 1.0259
5839 4.2547
5840 3.75683
5841 0.557033
5842 0.801201
5843 1.3164
5844 1.11441
5845 2.82583
5846 0.698905
5847 0.661336
5848 3.01258
5849 2.58824
5850 2.18557
5851 2.7441
5852 3.18085
5853 0.170723
5854 2.72061
5855 0.957216
5856 2.35068
5857 1.89905
5858 2.11781
5859 0.373334
5860 0.567638
5861 0.295409
5862 2.39753
5863 2.28522
5864 3.63304
5865 0.532145
5866 1.37641
5867 0.455729
5868 2.78831
5869 2.46713
5870 1.36304
5871 -1.60044
5872 1.1467
5873 1.17937
5874 1.88932
5875 2.64716
5876 2.48726
5877 3.06539
5878 0.305484
5879 0.270749
5880 2.2087
5881 2.99688
5882 1.37164
5883 2.07001
5884 1.9602
5885 1.34632
5886 0.228804
5887 2.182
5888 2.77147
5889 2.07242
5890 0.710524
5891 2.78394
5892 1.84553
5893 1.62489
5894 0.268838
5895 1.65358
5896 1.3434
5897 2.32924
5898 1.2825
5899 2.69874
5900 0.586314
5901 1.38043
5902 1.73775
5903 2.5097
5904 1.11364
5905 1.64155
5906 1.27826
5907 1.98232
5908 0.521261
5909 1.50819
5910 0.22432
5911 1.8748
5912 -0.434244
5913 1.55833
5914 1.79989
5915 1.84941
5916 2.75041
5917 1.81195
5918 1.346
5919 -0.131747
5920 0.438414
5921 0.983127
5922 2.46305
5923 2.22576
5924 1.12857
5925 1.36482
5926 1.29549
5927 1.57628
5928 1.00252
5929 2.55396
5930 0.990734
5931 0.572574
5932 2.0677
5933 1.48885
5934 2.50366
5935 2.71538
5936 1.68759
5937 0.693408
5938 2.29887
5939 2.66716
5940 1.95803
5941 2.16262
5942 1.05956
5943 0.570314
5944 1.7148
5945 3.77233
5946 4.13203
5947 3.2133
5948 2.26244
5949 -0.784171
5950 1.8114
5951 3.38754
5952 1.52781
5953 1.80009
5954 1.65128
5955 1.2296
5956 -0.457207
5957 1.8959
5958 1.47649
5959 0.992879
5960 2.06848
5961 2.3136
5962 1.22066
5963 1.80021
5964 3.21225
5965 0.445141
5966 2.51853
5967 1.43249
5968 3.31058
5969 0.546499
5970 1.10373
5971 2.15598
5972 2.03349
5973 -1.06741
5974 1.37218
5975 2.6604
5976 2.192
5977 0.867491
5978 1.40103
5979 -0.50334
5980 1.67246
5981 1.07192
5982 1.7942
5983 0.426149
5984 1.01292
5985 1.77192
5986 0.420919
5987 1.8048
5988 0.240417
5989 2.78935
5990 0.269522
5991 1.56583
5992 1.61351
5993 1.4821
5994 1.65159
5995 1.38188
5996 0.667254
5997 2.85948
5998 2.0221
5999 2.76006
6000 1.82783
6001 1.47943
6002 1.45446
6003 1.26422
6004 2.48809
6005 0.885384
6006 2.22068
6007 0.161064
6008 0.966916
6009 1.95903
6010 2.16793
6011 -0.0125009
6012 0.49207
6013 1.95128
6014 1.50655
6015 0.80598
6016 1.03499
6017 2.55393
6018 2.45807
6019 1.88885
6020 0.0264131
6021 -1.242
6022 1.23769
6023 -0.266499
6024 2.32775
6025 1.55688
6026 2.30065
6027 0.984477
6028 2.1298
6029 1.67538
6030 0.193403
6031 3.2263
6032 2.49898
6033 2.58261
6034 1.57796
6035 1.21824
6036 1.75401
6037 0.253748
6038 1.19817
6039 1.27278
6040 0.709218
6041 1.60768
6042 -0.863637
6043 1.43817
6044 -0.311216
6045 1.21156
6046 2.57932
6047 1.82529
6048 0.345007
6049 2.50509
6050 0.416002
6051 0.902581
6052 -0.689227
6053 2.26452
6054 1.12034
6055 0.822624
6056 2.49539
6057 1.22786
6058 2.03524
6059 1.32206
6060 3.6887
6061 2.18449
6062 1.502
6063 -0.0180572
6064 1.56201
6065 2.65153
6066 2.56311
6067 1.42911
6068 0.930149
6069 2.71429
6070 1.71421
6071 2.54608
6072 1.53924
6073 0.559058
6074 0.799307
6075 1.32959
6076 2.94987
6077 1.04702
6078 2.66513
6079 1.93521
6080 2.61982
6081 1.95946
6082 0.898702
6083 1.36278
6084 2.19541
6085 1.56837
6086 2.72687
6087 2.39225
6088 0.907771
6089 3.22296
6090 0.436287
6091 2.32676
6092 2.31897
6093 2.69423
6094 2.79244
6095 1.22958
6096 1.35383
6097 1.78376
6098 1.43717
6099 1.39633
6100 1.58486
6101 0.370928
6102 2.66474
6103 3.17875
6104 0.498832
6105 1.32137
6106 1.46287
6107 2.85405
6108 0.0510587
6109 1.23988
6110 0.662623
6111 0.300264
6112 1.08133
6113 0.470003
6114 2.04163
6115 0.676607
6116 0.141249
6117 0.837054
6118 1.22888
6119 1.88146
6120 2.16301
6121 2.25995
6122 0.641693
6123 1.89979
6124 1.4236
6125 2.27794
6126 2.0124
6127 1.36729
6128 1.93455
6129 1.4254
6130 2.38966
6131 -0.18003
6132 2.1507
6133 2.71212
6134 1.7049
6135 -0.437791
6136 0.45475
6137 3.36818
6138 0.517346
6139 1.62964
6140 -0.383916
6141 0.87467
6142 2.89873
6143 0.944905
6144 0.525825
6145 1.579
6146 1.0517
6147 2.48811
6148 2.52083
6149 1.55783
6150 0.400382
6151 1.73659
6152 1.28309
6153 2.17824
6154 3.04318
6155 1.29031
6156 1.47182
6157 0.755508
6158 0.237095
6159 1.73041
6160 1.80202
6161 1.47897
6162 3.51411
6163 1.09068
6164 2.28432
6165 0.485514
6166 1.82204
6167 1.5068
6168 3.17704
6169 1.84823
6170 2.633
6171 1.31875
6172 2.35908
6173 0.518388
6174 2.53564
6175 1.11001
6176 0.82616
6177 2.86628
6178 2.68492
6179 2.85145
6180 2.60044
6181 2.33121
6182 0.341318
6183 1.25861
6184 2.57725
6185 1.25435
6186 0.622028
6187 0.541769
6188 1.00755
6189 1.90922
6190 2.01542
6191 -0.204539
6192 2.32001
6193 2.25976
6194 1.77924
6195 2.68925
6196 1.28355
6197 1.79954
6198 -0.334879
6199 0.992631
6200 0.758358
6201 2.38305
6202 2.08854
6203 0.436276
6204 1.89143
6205 1.08079
6206 2.70303
6207 0.672697
6208 0.60004
6209 0.29538
6210 3.40967
6211 -0.383667
6212 1.39364
6213 3.59008
6214 0.551451
6215 0.742059
6216 1.04424
6217 0.59456
6218 0.813842
6219 0.41143
6220 1.1209
6221 -0.676297
6222 3.15503
6223 -0.0619916
6224 0.509112
6225 3.27073
6226 1.70379
6227 0.646048
6228 2.33799
6229 1.31141
6230 2.02705
6231 3.3773
6232 2.53894
6233 -0.00911666
6234 -0.377227
6235 -0.142817
6236 3.64959
6237 1.11125
6238 0.546367
6239 2.63369
6240 1.5519
6241 -0.127091
6242 1.91114
6243 -0.601924
6244 0.915181
6245 0.38511
6246 0.24566
6247 1.6407
6248 1.40561
6249 0.710061
6250 1.55367
6251 3.18111
6252 2.30512
6253 0.805097
6254 2.06648
6255 2.68383
6256 1.6306
6257 -1.42633
6258 1.80795
6259 3.3292
6260 -0.296046
6261 0.959559
6262 0.896683
6263 2.12069
6264 1.62996
6265 -0.451129
6266 1.4518
6267 0.831176
6268 0.389239
6269 1.69228
6270 0.59703
6271 2.94954
6272 1.442
6273 2.0287
6274 0.724701
6275 0.801324
6276 1.52225
6277 1.6273
6278 -0.434825
6279 0.356384
6280 1.22596
6281 1.80129
6282 3.83698
6283 1.03374
6284 0.0108492
6285 -0.503109
6286 2.00384
6287 3.86982
6288 0.588937
6289 -0.262647
6290 0.394664
6291 1.15917
6292 2.71924
6293 3.04192
6294 2.3645
6295 3.58231
6296 0.789607
6297 1.54293
6298 1.79279
6299 1.87315
6300 1.49901
6301 -1.42884
6302 1.19545
6303 2.16379
6304 2.15385
6305 0.00307208
6306 1.07212
6307 3.17218
6308 1.33584
6309 2.83717
6310 1.60308
6311 1.11338
6312 -0.607371
6313 2.96268
6314 0.932614
6315 1.22098
6316 0.896837
6317 0.21582
6318 1.43825
6319 0.0494882
6320 1.64877
6321 2.06576
6322 1.41437
6323 2.57038
6324 2.47777
6325 2.00671
6326 2.3119
6327 1.77102
6328 2.04696
6329 1.56021
6330 2.88252
6331 2.08091
6332 1.85933
6333 1.3304
6334 2.36728
6335 2.24277
6336 2.34705
6337 3.39932
6338 1.98744
6339 1.81701
6340 2.93969
6341 3.03445
6342 1.96365
6343 1.46362
6344 3.26239
6345 2.22241
6346 3.12134
6347 0.927
6348 1.47343
6349 0.759077
6350 0.744416
6351 1.86661
6352 3.40437
6353 2.41045
6354 0.847037
6355 0.942888
6356 1.85746
6357 1.6801
6358 -0.00342331
6359 0.609062
6360 -0.01703
6361 0.685319
6362 3.17406
6363 2.0496
6364 2.18918
6365 2.9822
6366 2.06764
6367 1.88259
6368 3.94039
6369 2.54509
6370 2.09437
6371 1.84013
6372 1.43336
6373 0.767645
6374 2.52738
6375 1.74723
6376 2.10557
6377 1.13317
6378 3.2755
6379 1.38818
6380 1.69611
6381 0.50012
6382 0.706667
6383 0.0824947
6384 1.68741
6385 -0.171323
6386 0.0127198
6387 3.06976
6388 2.7206
6389 1.62866
6390 2.2474
6391 2.61463
6392 1.09937
6393 2.14125
6394 1.04143
6395 2.57789
6396 0.941472
6397 1.71924
6398 1.56654
6399 2.28456
6400 2.13478
6401 0.986494
6402 1.16627
6403 2.03521
6404 0.837268
6405 1.39866
6406 0.84311
6407 3.16047
6408 0.401081
6409 3.04093
6410 0.56049
6411 0.101819
6412 1.07611
6413 1.24177
6414 0.78454
6415 3.11041
6416 3.20572
6417 1.22726
6418 0.718586
6419 -0.365261
6420 1.09974
6421 1.41912
6422 1.94894
6423 1.74552
6424 1.87886
6425 1.59599
6426 1.22135
6427 3.87636
6428 2.01835
6429 3.92879
6430 2.05045
6431 2.1244
6432 1.12881
6433 0.790206
6434 2.37677
6435 1.13606
6436 2.66428
6437 1.79544
6438 -0.0428888
6439 2.06883
6440 4.57343
6441 1.56794
6442 1.89173
6443 2.58327
6444 2.20764
6445 2.92101
6446 2.3414
6447 2.02171
6448 0.846271
6449 1.62486
6450 2.01124
6451 0.627408
6452 -0.172244
6453 2.12911
6454 2.1423
6455 1.30115
6456 1.16474
6457 2.1936
6458 2.65802
6459 1.15545
6460 3.69408
6461 1.46531
6462 0.0899985
6463 -0.269622
6464 0.43306
6465 1.31722
6466 1.21327
6467 2.81883
6468 1.45471
6469 2.63304
6470 1.7595
6471 1.54843
6472 1.21472
6473 1.16883
6474 1.77791
6475 2.02679
6476 2.45171
6477 1.58501
6478 -0.190902
6479 2.05892
6480 0.743202
6481 0.993182
6482 1.54786
6483 2.6108
6484 1.45008
6485 3.02702
6486 1.79742
6487 2.53645
6488 2.09529
6489 0.695945
6490 3.11309
6491 2.74163
6492 1.92763
6493 1.8957
6494 1.98113
6495 0.539351
6496 0.245471
6497 0.321989
6498 1.97842
6499 1.14294
6500 1.8868
6501 1.5669
6502 1.60888
6503 1.56896
6504 1.72686
6505 1.32668
6506 1.30668
6507 1.97762
6508 2.43533
6509 2.35056
6510 2.29339
6511 1.15979
6512 1.73037
6513 3.99501
6514 2.50626
6515 2.35796
6516 1.46179
6517 2.11262
6518 1.69103
6519 1.06808
6520 1.94732
6521 0.647593
6522 0.881039
6523 0.883657
6524 2.62454
6525 2.50259
6526 1.45156
6527 2.31627
6528 1.16328
6529 2.58561
6530 3.45944
6531 1.4391
6532 1.64435
6533 1.63582
6534 2.4215
6535 1.32474
6536 2.673
6537 1.40681
6538 3.46522
6539 2.89689
6540 2.86936
6541 1.05146
6542 2.10958
6543 0.622105
6544 1.87093
6545 2.24145
6546 2.42586
6547 0.460704
6548 1.19642
6549 0.594829
6550 2.39576
6551 0.824134
6552 1.51285
6553 1.7672
6554 1.47074
6555 2.91538
6556 1.73756
6557 1.9309
6558 2.93521
6559 3.07886
6560 2.79444
6561 0.607907
6562 1.84885
6563 0.803201
6564 0.604243
6565 2.22695
6566 1.34276
6567 1.52207
6568 1.07142
6569 1.41185
6570 1.15324
6571 2.33117
6572 1.41203
6573 1.14382
6574 3.3831
6575 2.403
6576 0.758598
6577 3.36374
6578 0.728168
6579 2.92757
6580 1.48873
6581 1.84842
6582 1.96291
6583 0.828378
6584 2.83064
6585 2.13014
6586 -0.431472
6587 2.15033
6588 2.59847
6589 0.466407
6590 1.6028
6591 0.463571
6592 0.337787
6593 1.09501
6594 1.43672
6595 0.973631
6596 0.363715
6597 1.54689
6598 1.92703
6599 1.19246
6600 1.33199
6601 1.36451
6602 1.99569
6603 0.547851
6604 1.38823
6605 1.445
6606 0.875986
6607 0.494797
6608 2.27404
6609 0.841068
6610 2.08242
6611 1.94205
6612 1.04282
6613 2.4241
6614 1.5705
6615 1.41823
6616 0.363723
6617 1.94301
6618 1.18538
6619 2.54429
6620 0.586794
6621 2.00958
6622 1.41373
6623 2.5571
6624 2.53767
6625 1.89109
6626 1.95841
6627 0.703299
6628 1.15662
6629 2.2024
6630 1.91293
6631 1.56199
6632 0.323451
6633 1.10562
6634 1.84003
6635 3.20922
6636 2.8476
6637 1.50883
6638 2.90503
6639 4.72046
6640 2.38421
6641 1.91329
6642 3.68202
6643 3.1424
6644 2.05926
6645 1.67846
6646 1.15943
6647 2.8099
6648 2.01079
6649 0.51153
6650 2.5928
6651 2.64481
6652 1.62035
6653 2.40162
6654 1.67151
6655 -0.194815
6656 1.99007
6657 0.70658
6658 1.66923
6659 2.12077
6660 2.74238
6661 2.62926
6662 2.71469
6663 1.5222
6664 2.36907
6665 1.02968
6666 0.908305
6667 1.06868
6668 1.85613
6669 2.20602
6670 2.25201
6671 1.11408
6672 2.77568
6673 1.29042
6674 0.47568
6675 2.33143
6676 2.89397
6677 2.36113
6678 3.32116
6679 1.45454
6680 3.01127
6681 3.05098
6682 3.48252
6683 3.18151
6684 2.00032
6685 2.04317
6686 1.11442
6687 2.50031
6688 3.16127
6689 1.49914
6690 1.65236
6691 1.70148
6692 2.52671
6693 0.731182
6694 0.982658
6695 1.63864
6696 2.41741
6697 1.65862
6698 1.98865
6699 1.78967
6700 3.2838
6701 2.1319
6702 1.14845
6703 2.74004
6704 1.80814
6705 0.956669
6706 1.3606
6707 0.960018
6708 0.668329
6709 1.93965
6710 1.61687
6711 1.22662
6712 2.19978
6713 2.69997
6714 -0.0211807
6715 2.34391
6716 2.03604
6717 1.33413
6718 2.02471
6719 0.744402
6720 3.47999
6721 3.91245
6722 2.77939
6723 -0.815655
6724 3.82126
6725 2.10782
6726 1.72258
6727 1.99119
6728 0.875561
6729 0.889936
6730 1.94374
6731 2.50407
6732 1.59744
6733 1.27596
6734 4.21743
6735 3.00232
6736 3.2671
6737 3.39471
6738 3.96594
6739 2.5492
6740 1.60709
6741 2.06156
6742 1.27266
6743 2.30565
6744 1.58832
6745 1.21592
6746 1.2468
6747 2.67401
6748 1.96393
6749 2.86173
6750 2.51735
6751 3.21867
6752 2.31108
6753 2.02291
6754 1.22069
6755 0.981329
6756 1.29084
6757 0.725933
6758 3.4925
6759 2.42568
6760 1.0978
6761 1.4694
6762 0.952369
6763 0.637372
6764 1.64312
6765 1.89318
6766 1.37702
6767 0.973006
6768 1.45135
6769 0.505744
6770 2.8911
6771 1.2587
6772 2.32163
6773 2.65533
6774 1.32689
6775 1.1116
6776 1.65832
6777 1.01623
6778 1.08367
6779 0.528776
6780 1.16965
6781 0.161239
6782 0.867306
6783 1.68061
6784 2.29223
6785 1.23736
6786 0.554354
6787 1.226
6788 2.16282
6789 1.90265
6790 1.63427
6791 2.1314
6792 2.6513
6793 2.74759
6794 1.45552
6795 2.07373
6796 2.74432
6797 1.33528
6798 2.16219
6799 1.51554
6800 1.13978
6801 1.41722
6802 1.1385
6803 1.52049
6804 2.24837
6805 1.60508
6806 2.84111
6807 0.620168
6808 1.75553
6809 2.66095
6810 2.05158
6811 1.52834
6812 1.54998
6813 2.17627
6814 1.98513
6815 0.997
6816 2.06315
6817 2.21406
6818 3.67611
6819 3.20073
6820 2.2992
6821 1.30479
6822 -0.706825
6823 1.2927
6824 0.0759369
6825 -0.223537
6826 2.25804
6827 0.878421
6828 2.92686
6829 2.54655
6830 2.48677
6831 3.31862
6832 1.47795
6833 1.96088
6834 0.000390338
6835 2.16807
6836 2.02025
6837 0.587298
6838 0.634576
6839 2.95396
6840 1.5219
6841 1.9915
6842 3.77672
6843 1.68485
6844 1.81901
6845 2.24551
6846 2.45204
6847 2.06697
6848 3.81323
6849 1.57647
6850 3.55832
6851 3.65372
6852 2.62855
6853 2.70878
6854 1.67757
6855 2.2245
6856 2.46607
6857 2.73093
6858 1.33542
6859 2.53333
6860 2.49028
6861 1.58423
6862 2.41514
6863 0.20176
6864 3.11081
6865 2.03882
6866 1.40232
6867 1.9916
6868 3.10577
6869 1.31315
6870 2.10795
6871 1.66651
6872 1.37781
6873 2.54785
6874 1.33138
6875 0.140031
6876 1.70809
6877 1.35368
6878 1.27001
6879 1.30276
6880 2.67695
6881 2.21283
6882 2.08328
6883 1.75739
6884 3.26743
6885 1.71123
6886 2.36094
6887 1.91476
6888 1.11898
6889 0.951668
6890 0.466856
6891 -0.0350089
6892 3.22132
6893 0.173558
6894 1.68527
6895 1.20582
6896 -0.0897065
6897 2.50111
6898 1.85003
6899 1.21864
6900 2.84584
6901 0.85584
6902 2.78692
6903 3.56891
6904 2.18242
6905 0.659239
6906 2.70505
6907 1.30818
6908 0.771212
6909 1.24148
6910 3.73084
6911 2.1246
6912 0.732543
6913 2.69862
6914 2.00004
6915 2.59931
6916 2.76641
6917 1.76097
6918 -0.0816965
6919 0.675878
6920 -0.391958
6921 1.52451
6922 1.57366
6923 1.4749
6924 2.7087
6925 2.02385
6926 3.12814
6927 1.78256
6928 0.151481
6929 2.95241
6930 1.05967
6931 0.788034
6932 1.77551
6933 1.34851
6934 1.97079
6935 1.5918
6936 2.50903
6937 0.693971
6938 0.437535
6939 1.36317
6940 0.609266
6941 1.98631
6942 1.4284
6943 1.72475
6944 3.44359
6945 3.17579
6946 3.26536
6947 0.59453
6948 0.971908
6949 2.80455
6950 3.41871
6951 1.73375
6952 2.13616
6953 1.86156
6954 1.67069
6955 -1.04013
6956 2.31795
6957 1.18355
6958 2.15779
6959 2.77334
6960 2.10091
6961 2.41556
6962 2.7299
6963 0.169816
6964 2.18503
6965 1.90956
6966 2.31623
6967 2.95313
6968 0.35089
6969 0.363859
6970 4.70837
6971 0.386366
6972 1.29544
6973 2.70472
6974 1.52632
6975 1.49344
6976 1.47881
6977 3.53851
6978 1.96703
6979 2.90781
6980 3.15232
6981 1.16702
6982 1.23724
6983 1.18245
6984 1.29046
6985 2.01261
6986 0.427983
6987 0.652017
6988 1.79501
6989 1.87306
6990 2.37513
6991 2.30694
6992 2.45279
6993 2.74608
6994 1.11655
6995 2.04632
6996 1.27125
6997 1.88614
6998 2.65364
6999 0.0391252
7000 2.27524
7001 0.735513
7002 1.11739
7003 1.27818
7004 0.757143
7005 1.9118
7006 1.47156
7007 1.9557
7008 1.60476
7009 3.06478
7010 3.70652
7011 3.06891
7012 1.53459
7013 2.67738
7014 1.53224
7015 3.31367
7016 2.46714
7017 1.03351
7018 0.887249
7019 3.25051
7020 2.0347
7021 0.976222
7022 2.32624
7023 1.64761
7024 1.25433
7025 1.92182
7026 2.19931
7027 1.04987
7028 2.24904
7029 1.55168
7030 2.12618
7031 2.02905
7032 1.40708
7033 3.0786
7034 2.3354
7035 1.5054
7036 3.49803
7037 2.52165
7038 0.155279
7039 2.38027
7040 2.6385
7041 0.977843
7042 1.71992
7043 1.35909
7044 2.49022
7045 2.50107
7046 0.848417
7047 3.38676
7048 2.8245
7049 1.91616
7050 1.11293
7051 2.5612
7052 1.88243
7053 3.16253
7054 4.36376
7055 2.24608
7056 2.20161
7057 1.01788
7058 1.87991
7059 2.56817
7060 2.85468
7061 1.44482
7062 1.57249
7063 3.39817
7064 1.75
7065 0.263636
7066 1.87677
7067 0.0619754
7068 0.895333
7069 0.648454
7070 1.72682
7071 1.12329
7072 1.68971
7073 1.01158
7074 3.41173
7075 1.38195
7076 1.62815
7077 0.558292
7078 -0.113205
7079 1.08426
7080 1.94219
7081 2.14308
7082 1.22694
7083 0.322768
7084 1.44454
7085 2.88895
7086 1.44034
7087 0.766134
7088 2.44658
7089 1.24592
7090 0.576883
7091 1.4834
7092 1.22346
7093 0.412657
7094 1.87259
7095 3.45232
7096 1.40984
7097 1.29575
7098 0.433399
7099 1.86471
7100 0.480283
7101 2.28191
7102 2.30298
7103 2.05166
7104 1.85624
7105 0.643464
7106 2.59588
7107 0.580603
7108 1.47476
7109 2.88318
7110 2.63464
7111 2.86467
7112 1.79646
7113 1.85582
7114 1.38719
7115 2.39703
7116 0.638606
7117 2.55533
7118 0.761867
7119 0.567591
7120 0.181468
7121 0.633049
7122 2.89491
7123 1.39025
7124 2.93511
7125 3.23908
7126 0.870797
7127 1.46659
7128 2.07033
7129 2.24872
7130 1.8415
7131 0.582278
7132 1.10945
7133 2.67105
7134 2.44936
7135 3.27724
7136 3.0427
7137 1.5591
7138 1.68123
7139 3.288
7140 1.5328
7141 3.54549
7142 2.39677
7143 2.21324
7144 2.28624
7145 3.29724
7146 2.32599
7147 2.9692
7148 1.63808
7149 2.23949
7150 1.98423
7151 2.7157
7152 2.02227
7153 1.46327
7154 1.61839
7155 1.97741
7156 1.74849
7157 2.15725
7158 0.496989
7159 0.557306
7160 0.304727
7161 2.11453
7162 2.24661
7163 0.801944
7164 2.56295
7165 0.903635
7166 1.44949
7167 2.14475
7168 2.39873
7169 0.0846312
7170 -0.549318
7171 1.96894
7172 1.17551
7173 2.12511
7174 0.930996
7175 1.76376
7176 0.593781
7177 1.25118
7178 3.15967
7179 1.69385
7180 2.73878
7181 1.89926
7182 1.036
7183 1.27385
7184 1.60179
7185 2.53569
7186 1.78891
7187 2.20223
7188 2.75725
7189 2.23674
7190 1.31181
7191 1.023
7192 2.63516
7193 1.82318
7194 0.392155
7195 2.02404
7196 2.76869
7197 2.93028
7198 1.42543
7199 2.34136
7200 2.19692
7201 1.25663
7202 2.65903
7203 1.21519
7204 2.04111
7205 2.60863
7206 2.33325
7207 2.33627
7208 2.56501
7209 -0.0371086
7210 0.62323
7211 3.67793
7212 2.31361
7213 2.31075
7214 2.34382
7215 1.03265
7216 2.93059
7217 0.659663
7218 0.934733
7219 2.28275
7220 1.4723
7221 0.492853
7222 3.00367
7223 0.83593
7224 3.49455
7225 -0.611219
7226 1.90197
7227 2.69824
7228 2.13697
7229 1.07651
7230 2.18762
7231 2.03495
7232 1.77257
7233 2.42393
7234 1.92046
7235 1.00788
7236 1.82588
7237 4.63034
7238 1.13526
7239 2.15513
7240 0.753955
7241 2.28598
7242 1.46243
7243 3.27466
7244 2.00677
7245 1.78073
7246 3.81168
7247 1.15219
7248 2.75704
7249 1.10713
7250 2.55776
7251 1.54756
7252 2.1181
7253 2.91941
7254 2.27761
7255 1.25851
7256 1.07711
7257 0.789288
7258 0.317025
7259 2.56025
7260 2.08095
7261 2.23176
7262 1.06035
7263 2.79142
7264 1.06005
7265 2.20299
7266 2.08828
7267 2.0777
7268 2.80758
7269 2.18278
7270 1.18693
7271 0.712831
7272 2.45799
7273 1.94988
7274 1.80553
7275 1.50682
7276 1.43992
7277 2.65514
7278 1.55811
7279 2.28012
7280 1.29679
7281 3.12022
7282 2.35358
7283 1.57561
7284 1.20046
7285 1.88848
7286 -0.184265
7287 0.977529
7288 -0.541898
7289 1.3542
7290 3.41319
7291 3.28602
7292 0.897958
7293 1.20581
7294 0.158294
7295 1.13723
7296 2.26937
7297 3.9643
7298 2.06652
7299 2.01422
7300 2.65027
7301 0.982396
7302 2.70335
7303 2.56203
7304 2.03383
7305 2.73396
7306 1.47304
7307 2.1151
7308 2.64551
7309 2.22265
7310 4.35571
7311 1.83008
7312 2.14803
7313 2.10635
7314 3.47386
7315 1.56606
7316 2.42303
7317 2.42725
7318 1.85958
7319 1.57221
7320 2.247
