4 0 0
22 0 0
23 0 0
33 0 0
39 0 0
44 0 0
48 0 0
58 0 0
69 0 0
72 0 0
82 0 0
89 0 0
95 0 0
98 0 0
101 0 0
106 0 0
117 0 0
119 0 0
124 0 0
133 0 0
153 0 0
162 0 0
166 0 0
185 0 0
187 0 0
194 0 0
203 0 0
205 0 0
207 0 0
208 0 0
222 0 0
230 0 0
232 0 0
236 0 0
245 0 0
250 0 0
251 0 0
253 0 0
265 0 0
268 0 0
271 0 0
274 0 0
283 0 0
290 0 0
294 0 0
297 0 0
301 0 0
302 0 0
303 0 0
304 0 0
334 0 0
342 0 0
355 0 0
360 0 0
367 0 0
369 0 0
373 0 0
376 0 0
381 0 0
383 0 0
386 0 0
387 0 0
390 0 0
392 0 0
395 0 0
398 0 0
399 0 0
401 0 0
412 0 0
420 0 0
426 0 0
427 0 0
448 0 0
449 0 0
451 0 0
462 0 0
472 0 0
479 0 0
481 0 0
484 0 0
485 0 0
489 0 0
499 0 0
503 0 0
513 0 0
516 0 0
517 0 0
521 0 0
536 0 0
553 0 0
566 0 0
572 0 0
577 0 0
592 0 0
596 0 0
598 0 0
602 0 0
604 0 0
614 0 0
621 0 0
629 0 0
632 0 0
648 0 0
665 0 0
670 0 0
687 0 0
689 0 0
690 0 0
693 0 0
697 0 0
698 0 0
699 0 0
701 0 0
702 0 0
716 0 0
717 0 0
721 0 0
726 0 0
743 0 0
745 0 0
748 0 0
751 0 0
752 0 0
768 0 0
793 0 0
797 0 0
801 0 0
802 0 0
803 0 0
809 0 0
817 0 0
825 0 0
832 0 0
835 0 0
846 0 0
847 0 0
864 0 0
867 0 0
880 0 0
882 0 0
883 0 0
885 0 0
897 0 0
912 0 0
913 0 0
914 0 0
923 0 0
926 0 0
931 0 0
950 0 0
957 0 0
968 0 0
992 0 0
1002 0 0
1007 0 0
1017 0 0
1025 0 0
1029 0 0
1038 0 0
1040 0 0
1043 0 0
1062 0 0
1065 0 0
1079 0 0
1080 0 0
1081 0 0
1104 0 0
1113 0 0
1119 0 0
1120 0 0
1136 0 0
1173 0 0
1179 0 0
1185 0 0
1192 0 0
1195 0 0
1196 0 0
1208 0 0
1219 0 0
1241 0 0
1253 0 0
1277 0 0
1280 0 0
1281 0 0
1307 0 0
1315 0 0
1322 0 0
1327 0 0
1334 0 0
1336 0 0
1337 0 0
1338 0 0
1339 0 0
1355 0 0
1358 0 0
1360 0 0
1361 0 0
1366 0 0
1375 0 0
1386 0 0
1402 0 0
1403 0 0
1413 0 0
1428 0 0
1434 0 0
1435 0 0
1445 0 0
1463 0 0
1466 0 0
1467 0 0
1471 0 0
1483 0 0
1493 0 0
1510 0 0
1512 0 0
1524 0 0
1530 0 0
1542 0 0
1557 0 0
1592 0 0
1598 0 0
1602 0 0
1603 0 0
1612 0 0
1613 0 0
1615 0 0
1624 0 0
1625 0 0
1633 0 0
1639 0 0
1647 0 0
1656 0 0
1661 0 0
1664 0 0
1672 0 0
1684 0 0
1699 0 0
1714 0 0
1721 0 0
1722 0 0
1728 0 0
1750 0 0
1752 0 0
1753 0 0
1754 0 0
1770 0 0
1777 0 0
1779 0 0
1789 0 0
1790 0 0
1791 0 0
1811 0 0
1812 0 0
1817 0 0
1821 0 0
1843 0 0
1848 0 0
1866 0 0
1869 0 0
1873 0 0
1892 0 0
1894 0 0
1905 0 0
1912 0 0
1915 0 0
1916 0 0
1920 0 0
1928 23 1483
1931 23 398
1941 58 1038
1947 69 897
1976 166 1915
2016 230 1062
2019 268 992
2020 268 381
2029 283 420
2030 283 1672
2031 283 386
2033 283 1466
2034 283 1750
2036 283 1339
2037 283 95
2038 283 503
2041 302 245
2065 392 1104
2070 392 1557
2078 412 1639
2093 426 1821
2100 426 1721
2103 449 1040
2106 449 885
2112 449 472
2143 485 1647
2147 485 427
2154 592 1338
2158 592 1905
2160 592 1791
2171 602 1811
2188 687 1699
2195 687 693
2201 689 1065
2217 743 1043
2218 743 914
2236 797 923
2237 797 387
2245 809 726
2252 809 1789
2271 931 367
2274 931 124
2277 931 748
2283 968 1025
2285 968 89
2286 968 1361
2292 968 117
2299 1079 513
2300 1079 1873
2301 1079 882
2304 1079 360
2307 1113 817
2309 1113 1277
2310 1113 1684
2321 1173 768
2328 1173 1119
2342 1253 880
2344 1253 913
2349 1253 648
2350 1253 1722
2351 1253 690
2362 1307 1080
2377 1366 697
2381 1366 572
2384 1366 1120
2399 1403 745
2402 1463 536
2404 1463 1512
2409 1463 290
2416 1592 187
2431 1598 479
2432 1598 448
2435 1598 185
2436 1598 702
2438 1625 598
2440 1625 1664
2451 1728 1612
2480 1812 334
2527 23 825
2529 23 2041
2537 58 484
2544 58 1219
2574 205 1327
2575 205 701
2576 205 2344
2580 205 1770
2618 283 2217
2629 342 665
2633 342 1916
2641 392 334
2642 392 2100
2647 392 2158
2649 392 1754
2658 426 1817
2660 426 303
2662 426 2377
2668 449 1081
2676 449 1714
2685 462 1375
2719 602 1524
2729 629 867
2732 629 2030
2744 687 1915
2754 689 2252
2756 689 1976
2757 689 2038
2767 797 717
2768 797 2299
2771 797 1750
2772 797 553
2773 809 2093
2782 809 1753
2784 809 1280
2788 912 236
2799 931 294
2807 931 1603
2818 968 1017
2820 968 119
2853 1253 1941
2857 1307 2440
2881 1403 2438
2886 1403 489
2890 1403 2171
2891 1403 2103
2895 1463 817
2896 1463 846
2906 1592 614
2910 1592 2283
2911 1592 250
2912 1592 1624
2921 1598 1336
2941 1728 1195
2948 1728 2147
2963 1752 1615
2979 1869 2342
2981 1869 835
2989 1894 716
2991 1894 451
2992 1894 2451
2994 1894 596
2996 1894 297
2997 1894 883
3000 1894 1445
3001 1947 39
3002 1947 1339
3003 1947 271
3004 1947 803
3006 1947 1779
3009 1947 1025
3011 1947 1435
3012 1947 1192
3023 2029 1493
3028 2031 401
3030 2031 670
3031 2031 2300
3033 2031 383
3039 2036 621
3040 2036 4
3041 2036 957
3042 2036 265
3043 2036 1656
3045 2036 2416
3046 2036 479
3047 2036 832
3050 2218 208
3054 2218 2277
3056 2218 2399
3057 2218 1355
3061 2236 721
3064 2236 566
3066 2236 1337
3067 2236 2019
3069 2236 2328
3071 2236 187
3073 2304 950
3076 2304 1185
3084 2304 448
3086 2321 304
3089 2321 48
3090 2321 1848
3093 2321 1471
3095 2321 1281
3096 2321 1358
3097 2350 1322
3101 2350 1360
3103 2350 1208
3104 2350 1080
3105 2350 1434
3109 2409 2301
3111 2409 536
3115 2409 2201
3127 23 2307
3136 58 2912
3141 58 521
3148 69 2438
3156 69 3104
3188 268 2274
3194 283 3046
3195 283 1843
3199 283 1684
3201 283 536
3213 342 250
3220 392 2016
3226 392 698
3234 426 1699
3246 449 3031
3256 485 208
3261 485 3076
3262 485 2106
3270 592 236
3295 687 3095
3319 797 3033
3332 809 481
3335 809 479
3340 931 2772
3351 968 1722
3352 968 3001
3354 968 373
3379 1253 499
3384 1253 355
3402 1403 2440
3403 1403 690
3404 1403 2895
3406 1403 369
3407 1403 2757
3413 1463 3067
3425 1598 2112
3430 1598 1038
3446 1728 670
3447 1728 367
3448 1728 1029
3455 1728 751
3468 1752 867
3472 1869 2921
3475 1869 1327
3479 1869 1821
3481 1947 1360
3482 1947 3047
3483 1947 376
3484 1947 304
3485 1947 2309
3489 1947 1633
3491 1947 294
3513 2031 2451
3516 2031 3111
3517 2036 2662
3520 2036 2103
3526 2036 48
3528 2036 2773
3529 2218 203
3530 2218 3071
3531 2218 604
3532 2218 124
3533 2218 1179
3534 2218 1002
3535 2218 2143
3536 2218 98
3540 2218 2195
3542 2236 3043
3543 2236 2994
3544 2236 2576
3545 2236 3084
3546 2236 395
3547 2236 2030
3552 2236 2158
3555 2304 2891
3559 2304 2896
3560 2304 2349
3561 2304 1542
3563 2304 44
3564 2304 2271
3571 2321 1790
3573 2321 401
3574 2321 516
3575 2321 835
3579 2350 1413
3581 2350 301
3585 2350 2034
3596 2409 1941
3601 2618 2292
3610 2618 2381
3613 2853 162
3614 2853 2252
3615 2853 1136
3617 2853 153
3619 2853 1315
3623 2853 801
3628 2991 297
3631 2991 1510
3634 2991 1104
3636 2991 1065
3638 3002 1081
3646 3002 2070
3648 3002 1602
3650 3006 1386
3652 3006 185
3653 3006 3097
3655 3006 2906
3659 3006 2416
3661 3039 2818
3669 3039 33
3671 3039 950
3673 3066 1334
3680 3066 897
3681 3066 1639
3683 3066 926
3691 3069 2771
3692 3069 1557
3694 3069 2820
3696 3069 2362
3705 3089 1664
3707 3089 3030
3725 58 1467
3736 69 598
3740 69 3136
3750 205 3691
3759 283 2768
3779 392 2906
3780 392 1428
3786 426 3517
3796 449 3482
3813 485 3673
3814 485 697
3850 797 207
3851 797 3489
3894 1253 2719
3898 1253 251
3902 1403 3636
3910 1403 2642
3917 1463 1277
3931 1598 194
3952 1752 2402
3961 1947 2662
3962 1947 3295
3965 1947 3614
3966 1947 2399
3968 1947 3156
3969 1947 2629
3970 1947 1777
3972 1947 3680
3977 2029 2912
4002 2036 101
4010 2218 2020
4013 2218 3101
4015 2218 2344
4016 2218 3544
4020 2218 360
4021 2236 3479
4022 2236 1912
4023 2236 399
4026 2236 2921
4027 2236 2754
4029 2236 3560
4031 2236 72
4033 2304 2201
4034 2304 752
4035 2304 3033
4036 2304 793
4038 2304 1530
4039 2304 297
4040 2304 2857
4042 2304 3669
4047 2321 3199
4050 2321 3109
4052 2321 3097
4053 2321 1684
4057 2350 3000
4060 2350 1524
4063 2350 3529
4064 2350 2451
4068 2350 2480
4076 2409 3067
4083 2618 106
4086 2618 3046
4087 2618 2274
4089 2618 698
4091 2618 3407
4096 2853 2732
4102 2853 82
4109 2991 3012
4118 3002 1483
4121 3002 2432
4124 3002 448
4128 3002 864
4129 3006 3585
4130 3006 2576
4131 3006 1791
4132 3006 2529
4134 3006 2384
4143 3039 2436
4150 3039 3141
4152 3039 2033
4157 3066 1624
4165 3069 253
4173 3069 2299
4175 3069 3683
4177 3089 1040
4178 3089 1062
4182 3089 2349
4183 3089 1754
4188 3089 3575
4209 3246 536
4210 3246 2772
4214 3332 3351
4222 3332 1119
4224 3332 274
4225 3485 690
4231 3485 950
4233 3485 847
4236 3485 883
4238 3513 1931
4247 3513 632
4249 3542 2963
4250 3542 222
4252 3542 1542
4255 3542 1661
4256 3542 1866
4259 3542 1402
4260 3542 3413
4271 3564 1920
4272 3564 3472
4273 3623 3581
4282 3623 390
4285 3659 2351
4286 3659 1613
4287 3659 3003
4288 3659 2649
4299 3696 2285
4300 3696 2910
4304 3696 2342
4305 3696 2245
4306 3696 1722
4307 3696 3031
4308 3696 153
4309 3705 3043
4311 3705 701
4318 3705 3040
4319 3705 2188
4320 3705 2034
4326 58 236
4329 58 2034
4334 69 399
4341 69 3104
4348 283 2154
4351 283 1336
4364 392 3814
4365 392 3683
4375 449 3966
4380 449 2676
4395 687 1530
4431 1253 3613
4440 1253 3199
4465 1947 1699
4466 1947 4013
4467 1947 4034
4468 1947 553
4474 1947 194
4482 2031 793
4487 2031 885
4489 2036 22
4493 2036 577
4494 2036 3536
4497 2036 3095
4505 2218 2195
4510 2218 835
4513 2236 517
4515 2236 4015
4516 2236 3001
4518 2236 3894
4519 2236 3000
4520 2236 2768
4521 2236 1007
4527 2304 897
4536 2304 3012
4543 2321 303
4547 2321 4057
4548 2321 2575
4560 2350 3796
4566 2618 1080
4567 2618 4210
4571 2618 3547
4576 2853 4087
4582 2853 2402
4584 2853 3295
4598 3002 2767
4602 3002 4224
4605 3002 3780
4612 3006 3631
4615 3006 4052
4617 3006 4016
4618 3006 4178
4619 3006 1277
4629 3039 726
4630 3039 187
4633 3066 2078
4634 3066 3093
4638 3066 3335
4639 3066 4282
4640 3066 3040
4645 3069 3042
4647 3069 1790
4648 3069 4128
4649 3069 697
4650 3069 2527
4653 3069 699
4656 3069 1375
4657 3089 2112
4659 3089 802
4661 3089 3571
4662 3089 4252
4666 3089 701
4667 3089 208
4672 3096 1467
4683 3246 4305
4691 3246 3673
4693 3332 294
4694 3332 4064
4701 3332 1029
4704 3332 2301
4707 3485 3652
4709 3485 3482
4712 3485 3090
4713 3485 3528
4714 3485 3646
4715 3485 1915
4716 3485 751
4722 3513 4026
4726 3513 3484
4731 3542 2992
4732 3542 3544
4733 3542 4022
4735 3542 2404
4737 3542 1355
4738 3542 203
4741 3564 768
4746 3564 3483
4753 3623 2912
4758 3623 133
4759 3623 1664
4761 3623 207
4763 3623 2881
4764 3623 39
4768 3659 3614
4772 3659 3636
4773 3659 3479
4775 3659 48
4776 3659 4020
4777 3696 3050
4780 3696 2432
4781 3696 3319
4785 3696 3109
4786 3696 1892
4788 3696 2890
4789 3705 2807
4791 3705 1916
4794 3705 2292
4795 3705 3406
4799 3705 499
4802 3965 2416
4803 3965 3530
4808 3965 2537
4809 3965 4040
4810 3965 3972
4812 3965 2286
4815 4060 1195
4816 4060 2147
4817 4060 2756
4821 4060 2310
4823 4060 3481
4825 4150 4225
4827 4150 1120
4833 4150 3379
4834 4150 3004
4840 4157 4129
4843 4157 3961
4844 4157 3084
4845 4157 3759
4847 4157 3650
4849 4249 3931
4850 4249 4134
4851 4249 716
4853 4249 2891
4854 4249 3201
4857 4249 4256
4859 4249 3952
4863 4255 3740
4864 4255 334
4865 4255 3543
4866 4255 614
4867 4255 3750
4872 4255 297
4873 4300 3601
4878 4300 481
4883 4300 3725
4884 4300 1912
4886 4304 1241
4887 4304 4118
4896 4304 1639
4897 4306 503
4905 4306 232
4906 4306 825
4909 4308 1779
4910 4308 4086
4911 4308 3156
4913 4308 2344
4914 4308 4182
4915 4308 2065
4916 4308 381
4918 4308 3352
4919 4308 3813
4920 4308 1196
4921 1947 4487
4939 2031 3071
4950 2036 4863
4958 2218 3579
4962 2218 4693
4966 2218 4020
4974 2236 3615
4979 2236 4431
5015 2350 4466
5017 2618 4271
5018 2618 3097
5026 2618 4629
5031 2853 2948
5033 2853 4256
5035 2853 4853
5039 2853 3571
5094 3066 3894
5108 3069 3057
5139 3246 3613
5151 3332 2744
5163 3485 4758
5167 3485 2432
5192 3542 2286
5193 3542 2351
5194 3542 4761
5196 3542 3563
5210 3623 4647
5213 3623 4173
5216 3623 4788
5234 3696 3581
5236 3696 2767
5237 3696 3050
5238 3696 3335
5244 3696 4178
5250 3705 3680
5257 3965 2435
5259 3965 2274
5262 3965 4786
5263 3965 3814
5264 3965 4916
5272 4060 3479
5273 4060 2941
5274 4060 2195
5276 4060 3683
5277 4060 3750
5280 4060 4566
5289 4150 4121
5294 4157 2647
5297 4157 3481
5303 4157 4823
5304 4157 4252
5306 4249 4763
5307 4249 4712
5308 4249 3201
5312 4249 2160
5313 4249 3970
5321 4255 4656
5322 4255 3530
5332 4300 4764
5335 4300 4494
5338 4300 2362
5354 4306 3977
5356 4306 3533
5357 4306 4091
5358 4306 4182
5360 4306 4909
5362 4306 3489
5365 4308 4527
5366 4308 3850
5369 4308 4016
5371 4308 3917
5372 4308 4735
5373 4308 4709
5375 4308 4821
5378 4645 3455
5379 4645 4395
5382 4645 3966
5387 4645 3910
5388 4645 3631
5389 4648 4612
5390 4648 2037
5391 4648 3483
5395 4648 4640
5396 4648 3448
5402 4662 4026
5403 4662 4064
5404 4662 3354
5405 4662 2438
5409 4662 2158
5410 4662 2309
5419 4731 2981
5421 4731 4209
5434 4785 4849
5439 4803 3546
5442 4803 3104
5444 4803 2431
5446 4803 3526
5448 4803 2575
5449 4815 4329
5450 4815 3195
5451 4815 4634
5452 4815 4134
5454 4815 4247
5455 4815 3046
5457 4815 4897
5460 4815 2544
5463 4857 4864
5466 4857 4536
5467 4857 4661
5468 4857 4781
5469 4857 3226
5470 4857 3234
5472 4857 4518
5473 4910 1928
5475 4910 3472
5478 4910 3491
5484 4910 4791
5485 4911 2629
5486 4911 3111
5488 4911 4812
5499 4919 4210
5501 4919 2342
5502 4919 4722
5503 4919 3141
5509 4920 4052
5512 4920 4510
5515 4920 2237
5516 4920 3028
5517 4920 3384
5519 4920 3585
5521 2618 4036
5522 2618 4776
5523 2618 4833
5524 2618 3931
5525 2618 4887
5526 2618 5486
5527 2618 4482
5528 2618 4035
5529 2618 2575
5530 2618 2881
5531 2618 2895
5532 2618 4039
5533 2853 5379
5534 2853 3156
5535 2853 2921
5536 2853 4735
5537 2853 4015
5538 2853 5517
5539 2853 3406
5540 2853 3530
5541 2853 4282
5542 2853 2658
5543 2853 5509
5544 2853 3407
5545 3002 4906
5546 3002 4130
5547 3002 5234
5548 3002 3101
5549 3002 5485
5550 3002 4468
5551 3002 3779
5552 3002 4897
5553 3002 4746
5554 3002 5297
5555 3002 4326
5556 3002 4693
5557 3006 4886
5558 3006 5366
5559 3006 4672
5560 3006 3540
5561 3006 4873
5562 3006 5475
5563 3006 3057
5564 3006 4775
5565 3006 3669
5566 3006 3646
5567 3006 4582
5568 3006 4143
5569 3039 4285
5570 3039 4188
5571 3039 3970
5572 3039 5244
5573 3039 4096
5574 3039 5194
5575 3039 4605
5576 3039 3617
5577 3039 3673
5578 3039 4661
5579 3039 5216
5580 3039 5362
5581 3066 5259
5582 3066 4173
5583 3066 3650
5584 3066 3517
5585 3066 3561
5586 3066 4087
5587 3066 3707
5588 3066 3201
5589 3066 4602
5590 3066 3261
5591 3066 5338
5592 3066 3340
5593 3069 3093
5594 3069 2886
5595 3069 3516
5596 3069 3127
5597 3069 4639
5598 3069 3354
5599 3069 4979
5600 3069 4364
5601 3069 3009
5602 3069 4780
5603 3069 5501
5604 3069 3004
5605 3089 4788
5606 3089 5108
5607 3089 5210
5608 3089 4834
5609 3089 2647
5610 3089 3033
5611 3089 3475
5612 3089 3073
5613 3089 3379
5614 3089 3000
5615 3089 4853
5616 3089 5354
5617 3246 4634
5618 3246 5356
5619 3246 3917
5620 3246 3003
5621 3246 5395
5622 3246 4209
5623 3246 3613
5624 3246 3136
5625 3246 3619
5626 3246 5515
5627 3246 4764
5628 3246 3491
5629 3332 2912
5630 3332 5238
5631 3332 4825
5632 3332 3560
5633 3332 5409
5634 3332 4827
5635 3332 4759
5636 3332 2906
5637 3332 3043
5638 3332 4849
5639 3332 3050
5640 3332 5196
5641 3485 4131
5642 3485 3262
5643 3485 2642
5644 3485 4042
5645 3485 4777
5646 3485 4816
5647 3485 4712
5648 3485 5280
5649 3485 3543
5650 3485 3966
5651 3485 3559
5652 3485 4845
5653 3513 5373
5654 3513 4177
5655 3513 5463
5656 3513 3573
5657 3513 4567
5658 3513 3104
5659 3513 3188
5660 3513 4033
5661 3513 4618
5662 3513 4395
5663 3513 4704
5664 3513 2641
5665 3542 3097
5666 3542 3961
5667 3542 2757
5668 3542 4576
5669 3542 3814
5670 3542 3894
5671 3542 3694
5672 3542 5236
5673 3542 4375
5674 3542 4859
5675 3542 4287
5676 3542 5473
5677 3564 3012
5678 3564 3455
5679 3564 4638
5680 3564 4709
5681 3564 3054
5682 3564 4694
5683 3564 2771
5684 3564 4222
5685 3564 5017
5686 3564 4068
5687 3564 4286
5688 3564 4817
5689 3623 4781
5690 3623 5452
5691 3623 4707
5692 3623 3103
5693 3623 5460
5694 3623 4380
5695 3623 5404
5696 3623 4259
5697 3623 4493
5698 3623 3472
5699 3623 4134
5700 3623 3425
5701 3659 4939
5702 3659 5484
5703 3659 4040
5704 3659 5289
5705 3659 4083
5706 3659 4319
5707 3659 3047
5708 3659 3295
5709 3659 4521
5710 3659 4023
5711 3659 3969
5712 3659 4487
5713 3696 3652
5714 3696 4513
5715 3696 3056
5716 3696 4584
5717 3696 3544
5718 3696 4273
5719 3696 3546
5720 3696 3352
5721 3696 4231
5722 3696 2941
5723 3696 4165
5724 3696 3736
5725 3705 4691
5726 3705 4905
5727 3705 4844
5728 3705 3199
5729 3705 3563
5730 3705 4027
5731 3705 5035
5732 3705 4494
5733 3705 4260
5734 3705 5276
5735 3705 5419
5736 3705 4021
5737 3965 5303
5738 3965 2649
5739 3965 3535
5740 3965 3614
5741 3965 4351
5742 3965 3481
5743 3965 3680
5744 3965 2527
5745 3965 3404
5746 3965 4763
5747 3965 4958
5748 3965 3076
5749 4060 3141
5750 4060 4520
5751 4060 4057
5752 4060 4843
5753 4060 3489
5754 4060 4722
5755 4060 4629
5756 4060 3683
5757 4060 3972
5758 4060 4026
5759 4060 3520
5760 4060 5382
5761 4150 4617
5762 4150 3226
5763 4150 4653
5764 4150 5273
5765 4150 4129
5766 4150 4038
5767 4150 5365
5768 4150 3638
5769 4150 5306
5770 4150 4773
5771 4150 3574
5772 4150 4962
5773 4157 2660
5774 4157 3555
5775 4157 3402
5776 4157 4440
5777 4157 4052
5778 4157 4086
5779 4157 4128
5780 4157 4799
5781 4157 4884
5782 4157 4683
5783 4157 2580
5784 4157 4010
5785 4249 4365
5786 4249 3533
5787 4249 4031
5788 4249 5263
5789 4249 2729
5790 4249 5257
5791 4249 4657
5792 4249 2676
5793 4249 4701
5794 4249 4311
5795 4249 2537
5796 4249 3759
5797 4255 3448
5798 4255 4518
5799 4255 4733
5800 4255 4630
5801 4255 3601
5802 4255 3484
5803 4255 3042
5804 4255 3628
5805 4255 5434
5806 4255 5358
5807 4255 4649
5808 4255 4640
5809 4300 4510
5810 4300 4175
5811 4300 3898
5812 4300 4847
5813 4300 3384
5814 4300 3740
5815 4300 5470
5816 4300 4091
5817 4300 5192
5818 4300 4022
5819 4300 5163
5820 4300 4214
5821 4304 5357
5822 4304 5250
5823 4304 4013
5824 4304 4732
5825 4304 2719
5826 4304 4812
5827 4304 4183
5828 4304 5213
5829 4304 3725
5830 4304 4334
5831 4304 3813
5832 4304 4256
5833 4306 5403
5834 4306 3109
5835 4306 3148
5836 4306 5468
5837 4306 3335
5838 4306 3786
5839 4306 4612
5840 4306 3111
5841 4306 4272
5842 4306 3532
5843 4306 3115
5844 4306 4063
5845 4308 4152
5846 4308 3596
5847 4308 4047
5848 4308 4772
5849 4308 3430
5850 4308 3031
5851 4308 3952
5852 4308 4178
5853 4308 5094
5854 4308 2744
5855 4308 3534
5856 4308 4288
5857 4645 3902
5858 4645 3653
5859 4645 4737
5860 4645 3631
5861 4645 2633
5862 4645 3691
5863 4645 2890
5864 4645 4915
5865 4645 4124
5866 4645 5488
5867 4645 4909
5868 4645 4076
5869 4648 4247
5870 4648 5312
5871 4648 4034
5872 4648 4497
5873 4648 4465
5874 4648 4050
5875 4648 5375
5876 4648 2768
5877 4648 3234
5878 4648 4029
5879 4648 4329
5880 4648 3105
5881 4662 5499
5882 4662 2576
5883 4662 4109
5884 4662 2891
5885 4662 3634
5886 4662 2807
5887 4662 5371
5888 4662 5389
5889 4662 4519
5890 4662 4741
5891 4662 4921
5892 4662 4864
5893 4731 4132
5894 4731 4210
5895 4731 4224
5896 4731 3661
5897 4731 4307
5898 4731 3351
5899 4731 3671
5900 4731 5151
5901 4731 5478
5902 4731 3692
5903 4731 5388
5904 4731 4768
5905 4785 2963
5906 4785 4650
5907 4785 4305
5908 4785 5472
5909 4785 5277
5910 4785 4271
5911 4785 3220
5912 4785 3061
5913 4785 4753
5914 4785 5031
5915 4785 5402
5916 4785 3531
5917 4803 5262
5918 4803 2574
5919 4803 2992
5920 4803 2996
5921 4803 5372
5922 4803 5139
5923 4803 3483
5924 4803 4318
5925 4803 3545
5926 4803 3045
5927 4803 3579
5928 4803 4867
5929 4815 5018
5930 4815 3270
5931 4815 4560
5932 4815 2767
5933 4815 3041
5934 4815 5387
5935 4815 3529
5936 4815 3095
5937 4815 4715
5938 4815 4619
5939 4815 3046
5940 4815 5439
5941 4857 5039
5942 4857 3011
5943 4857 3581
5944 4857 3610
5945 4857 4548
5946 4857 3968
5947 4857 4872
5948 4857 4794
5949 4857 2820
5950 4857 5335
5951 4857 3547
5952 4857 4866
5953 4910 3962
5954 4910 5421
5955 4910 2799
5956 4910 3655
5957 4910 4474
5958 4910 4489
5959 4910 4225
5960 4910 2772
5961 4910 4786
5962 4910 2896
5963 4910 4789
5964 4910 4863
5965 4911 3526
5966 4911 4761
5967 4911 5167
5968 4911 4802
5969 4911 5304
5970 4911 5193
5971 4911 4974
5972 4911 4966
5973 4911 5502
5974 4911 5466
5975 4911 5015
5976 4911 5519
5977 4919 4795
5978 4919 3447
5979 4919 4738
5980 4919 4002
5981 4919 5448
5982 4919 4840
5983 4919 4647
5984 4919 4810
5985 4919 3536
5986 4919 4250
5987 4919 2784
5988 4919 4615
5989 4920 4515
5990 4920 4850
5991 4920 4467
5992 4920 4914
5993 4920 3468
5994 4920 4666
5995 4920 3585
5996 4920 4716
5997 4920 3194
5998 4920 3067
5999 4920 3851
6000 4920 4053
6001 5369 4118
6002 5369 2911
6003 5369 2782
6004 5369 4918
6005 5369 3071
6006 5369 4341
6007 5369 2668
6008 5369 4667
6009 5369 4714
6010 5369 4233
6011 5369 3030
6012 5369 4089
6013 5396 5033
6014 5396 4252
6015 5396 5294
6016 5396 3064
6017 5396 5442
6018 5396 4854
6019 5396 3750
6020 5396 2544
6021 5396 3023
6022 5396 3910
6023 5396 4865
6024 5396 4020
6025 5405 2981
6026 5405 2979
6027 5405 2662
6028 5405 4516
6029 5405 4821
6030 5405 3479
6031 5405 5332
6032 5405 4121
6033 5405 4808
6034 5405 4851
6035 5405 4505
6036 5405 3213
6037 5444 3195
6038 5444 4913
6039 5444 4182
6040 5444 4236
6041 5444 5410
6042 5444 4659
6043 5444 2629
6044 5444 3028
6045 5444 4878
6046 5444 4823
6047 5444 4102
6048 5444 5446
6049 5449 5516
6050 5449 4598
6051 5449 4527
6052 5449 2788
6053 5449 3090
6054 5449 3648
6055 5449 4896
6056 5449 5322
6057 5449 4633
6058 5449 4348
6059 5449 4656
6060 5449 5360
6061 5450 4547
6062 5450 5272
6063 5450 4543
6064 5450 3084
6065 5450 4299
6066 5450 4320
6067 5450 3571
6068 5450 3256
6069 5450 2997
6070 5450 2989
6071 5450 3446
6072 5450 5321
6073 5454 4536
6074 5454 5390
6075 5454 3615
6076 5454 2754
6077 5454 5467
6078 5454 4758
6079 5454 4713
6080 5454 4016
6081 5454 4571
6082 5454 5457
6083 5454 4466
6084 5454 5451
6085 5455 3681
6086 5455 3040
6087 5455 4916
6088 5455 5274
6089 5455 3482
6090 5455 3575
6091 5455 5026
6092 5455 4950
6093 5455 4883
6094 5455 4726
6095 5455 5378
6096 5455 5307
6097 5469 4431
6098 5469 4064
6099 5469 3552
6100 5469 4238
6101 5469 3086
6102 5469 4309
6103 5469 4791
6104 5469 2529
6105 5469 2685
6106 5469 3403
6107 5469 5512
6108 5469 5391
6109 5503 5308
6110 5503 4566
6111 5503 5313
6112 5503 3001
6113 5503 3780
6114 5503 5264
6115 5503 3636
6116 5503 3850
6117 5503 3796
6118 5503 4809
6119 5503 3977
6120 5503 5237
6121 3332 5238
6122 3332 5946
6123 3332 3295
6124 3332 5467
6125 3332 3614
6126 3332 5985
6127 3332 3850
6128 3332 4178
6129 3332 4299
6130 3332 4513
6131 3332 5259
6132 3332 5869
6133 3485 5244
6134 3485 5388
6135 3485 4843
6136 3485 4794
6137 3485 5941
6138 3485 4036
6139 3485 5371
6140 3485 5972
6141 3485 3516
6142 3485 4233
6143 3485 3673
6144 3485 3552
6145 3542 5357
6146 3542 3335
6147 3542 5448
6148 3542 5026
6149 3542 5923
6150 3542 4033
6151 3542 3484
6152 3542 4319
6153 3542 4810
6154 3542 4913
6155 3542 4834
6156 3542 5944
6157 3564 5289
6158 3564 6045
6159 3564 5277
6160 3564 4780
6161 3564 3910
6162 3564 4883
6163 3564 3669
6164 3564 4864
6165 3564 4027
6166 3564 3736
6167 3564 3530
6168 3564 4318
6169 3623 4666
6170 3623 4827
6171 3623 4487
6172 3623 4726
6173 3623 3628
6174 3623 5306
6175 3623 4364
6176 3623 5873
6177 3623 5721
6178 3623 6047
6179 3623 5452
6180 3623 5375
6181 3659 4087
6182 3659 3581
6183 3659 4307
6184 3659 4560
6185 3659 4825
6186 3659 5753
6187 3659 3455
6188 3659 3683
6189 3659 5759
6190 3659 3340
6191 3659 4380
6192 3659 5457
6193 3696 6049
6194 3696 5466
6195 3696 3402
6196 3696 3472
6197 3696 6055
6198 3696 6075
6199 3696 6103
6200 3696 5779
6201 3696 4915
6202 3696 5499
6203 3696 3529
6204 3696 4311
6205 3705 6060
6206 3705 4906
6207 3705 5714
6208 3705 4259
6209 3705 4515
6210 3705 5643
6211 3705 3652
6212 3705 4576
6213 3705 5362
6214 3705 4013
6215 3705 3561
6216 3705 3195
6217 3965 5897
6218 3965 4672
6219 3965 4064
6220 3965 4214
6221 3965 5274
6222 3965 3555
6223 3965 5308
6224 3965 5366
6225 3965 4131
6226 3965 4605
6227 3965 4639
6228 3965 4737
6229 4060 5945
6230 4060 4629
6231 4060 4466
6232 4060 4659
6233 4060 4772
6234 4060 3403
6235 4060 6064
6236 4060 6036
6237 4060 4886
6238 4060 3141
6239 4060 5108
6240 4060 5250
6241 4150 3448
6242 4150 3634
6243 4150 4817
6244 4150 3533
6245 4150 3573
6246 4150 3536
6247 4150 3563
6248 4150 5236
6249 4150 4467
6250 4150 4746
6251 4150 4047
6252 4150 5515
6253 4157 5263
6254 4157 3526
6255 4157 3479
6256 4157 6098
6257 4157 4701
6258 4157 5758
6259 4157 4776
6260 4157 5313
6261 4157 4950
6262 4157 4716
6263 4157 5697
6264 4157 4320
6265 4249 5614
6266 4249 5387
6267 4249 3692
6268 4249 5151
6269 4249 5410
6270 4249 3740
6271 4249 5478
6272 4249 4089
6273 4249 5836
6274 4249 5519
6275 4249 5213
6276 4249 4489
6277 4255 4053
6278 4255 5994
6279 4255 3491
6280 4255 6082
6281 4255 5280
6282 4255 4916
6283 4255 5163
6284 4255 4231
6285 4255 4015
6286 4255 4768
6287 4255 5638
6288 4255 5875
6289 4300 3601
6290 4300 5754
6291 4300 4713
6292 4300 3977
6293 4300 4016
6294 4300 3256
6295 4300 6034
6296 4300 6065
6297 4300 3447
6298 4300 5502
6299 4300 5795
6300 4300 3725
6301 4304 3779
6302 4304 3681
6303 4304 6005
6304 4304 4225
6305 4304 5354
6306 4304 3547
6307 4304 3540
6308 4304 4520
6309 4304 4802
6310 4304 5888
6311 4304 4510
6312 4304 5602
6313 4306 4086
6314 4306 3970
6315 4306 6089
6316 4306 5998
6317 4306 4633
6318 4306 4704
6319 4306 5338
6320 4306 3406
6321 4306 4351
6322 4306 3575
6323 4306 5332
6324 4306 6067
6325 4308 4816
6326 4308 3446
6327 4308 3201
6328 4308 5486
6329 4308 5884
6330 4308 4329
6331 4308 4656
6332 4308 5940
6333 4308 4482
6334 4308 5797
6335 4308 5193
6336 4308 5463
6337 4645 4440
6338 4645 5997
6339 4645 6070
6340 4645 3148
6341 4645 5273
6342 4645 5391
6343 4645 3585
6344 4645 4738
6345 4645 4650
6346 4645 5723
6347 4645 3351
6348 4645 5167
6349 4648 3671
6350 4648 4844
6351 4648 3894
6352 4648 4939
6353 4648 5442
6354 4648 4773
6355 4648 5806
6356 4648 5726
6357 4648 4285
6358 4648 4873
6359 4648 4845
6360 4648 3813
6361 4662 5722
6362 4662 4617
6363 4662 4867
6364 4662 5729
6365 4662 4026
6366 4662 6069
6367 4662 3613
6368 4662 3482
6369 4662 4709
6370 4662 4974
6371 4662 4102
6372 4662 4884
6373 4731 4518
6374 4731 5908
6375 4731 4598
6376 4731 3574
6377 4731 5378
6378 4731 4465
6379 4731 5913
6380 4731 4789
6381 4731 5015
6382 4731 4543
6383 4731 3535
6384 4731 4853
6385 4785 3617
6386 4785 3898
6387 4785 5963
6388 4785 5960
6389 4785 4236
6390 4785 4812
6391 4785 5952
6392 4785 4763
6393 4785 5382
6394 4785 4795
6395 4785 4516
6396 4785 3234
6397 4803 5948
6398 4803 3952
6399 4803 5849
6400 4803 5856
6401 4803 4468
6402 4803 5967
6403 4803 5488
6404 4803 3404
6405 4803 3213
6406 4803 5601
6407 4803 4859
6408 4803 5484
6409 4815 3468
6410 4815 4567
6411 4815 5264
6412 4815 4866
6413 4815 5863
6414 4815 5304
6415 4815 6002
6416 4815 3931
6417 4815 5971
6418 4815 4348
6419 4815 4334
6420 4815 4764
6421 4857 4124
6422 4857 4286
6423 4857 4661
6424 4857 6016
6425 4857 4282
6426 4857 5356
6427 4857 4497
6428 4857 5887
6429 4857 4897
6430 4857 6029
6431 4857 6112
6432 4857 5321
6433 4910 4777
6434 4910 4256
6435 4910 5992
6436 4910 4519
6437 4910 3966
6438 4910 5018
6439 4910 4057
6440 4910 5695
6441 4910 3517
6442 4910 4272
6443 4910 4010
6444 4910 4365
6445 4911 3707
6446 4911 6094
6447 4911 4786
6448 4911 3610
6449 4911 5915
6450 4911 4222
6451 4911 3407
6452 4911 6014
6453 4911 4707
6454 4911 6006
6455 4911 4775
6456 4911 3261
6457 4919 4619
6458 4919 5864
6459 4919 6090
6460 4919 5724
6461 4919 4612
6462 4919 4872
6463 4919 3560
6464 4919 5033
6465 4919 4851
6466 4919 3571
6467 4919 3796
6468 4919 4188
6469 4920 4840
6470 4920 4849
6471 4920 4209
6472 4920 4649
6473 4920 4712
6474 4920 6010
6475 4920 5017
6476 4920 3968
6477 4920 5031
6478 4920 3379
6479 4920 4602
6480 4920 4271
6481 5369 5899
6482 5369 4618
6483 5369 5276
6484 5369 4630
6485 5369 3646
6486 5369 5473
6487 5369 4638
6488 5369 5468
6489 5369 5403
6490 5369 4134
6491 5369 4068
6492 5369 4121
6493 5396 4023
6494 5396 5094
6495 5396 3559
6496 5396 4247
6497 5396 3636
6498 5396 4850
6499 5396 4741
6500 5396 4683
6501 5396 5372
6502 5396 3475
6503 5396 6084
6504 5396 3653
6505 5405 3156
6506 5405 3814
6507 5405 4165
6508 5405 5470
6509 5405 6106
6510 5405 5848
6511 5405 5959
6512 5405 4781
6513 5405 5548
6514 5405 5738
6515 5405 5616
6516 5405 4494
6517 5444 4878
6518 5444 5237
6519 5444 5404
6520 5444 5922
6521 5444 4021
6522 5444 4808
6523 5444 5837
6524 5444 4128
6525 5444 5216
6526 5444 5262
6527 5444 5451
6528 5444 5358
6529 5449 4691
6530 5449 4918
6531 5449 4096
6532 5449 5307
6533 5449 4854
6534 5449 6107
6535 5449 4038
6536 5449 5939
6537 5449 4566
6538 5449 4238
6539 5449 3483
6540 5449 5139
6541 5450 4667
6542 5450 3544
6543 5450 3638
6544 5450 5389
6545 5450 5303
6546 5450 5365
6547 5450 4305
6548 5450 6078
6549 5450 4979
6550 5450 4395
6551 5450 5210
6552 5450 4031
6553 5454 4493
6554 5454 5373
6555 5454 4474
6556 5454 5475
6557 5454 4584
6558 5454 4694
6559 5454 4020
6560 5454 4799
6561 5454 3489
6562 5454 4921
6563 5454 5439
6564 5454 3226
6565 5455 3270
6566 5455 5883
6567 5455 3520
6568 5455 3650
6569 5455 5322
6570 5455 4309
6571 5455 4173
6572 5455 4714
6573 5455 6028
6574 5455 4210
6575 5455 5395
6576 5455 3579
6577 5469 4175
6578 5469 5257
6579 5469 4905
6580 5469 4431
6581 5469 5446
6582 5469 5545
6583 5469 5390
6584 5469 3648
6585 5469 3546
6586 5469 3962
6587 5469 5194
6588 5469 4863
6589 5503 5968
6590 5503 6091
6591 5503 4039
6592 5503 4034
6593 5503 3354
6594 5503 4958
6595 5503 3961
6596 5503 5916
6597 5503 5039
6598 5503 5460
6599 5503 4865
6600 5503 6059
6601 5755 3136
6602 5755 4847
6603 5755 5421
6604 5755 5234
6605 5755 4118
6606 5755 4002
6607 5755 3969
6608 5755 5402
6609 5755 3194
6610 5755 5943
6611 5755 6051
6612 5755 5434
6613 5756 5792
6614 5756 4177
6615 5756 5272
6616 5756 4962
6617 5756 5294
6618 5756 5517
6619 5756 5297
6620 5756 3972
6621 5756 5419
6622 5756 4527
6623 5756 4896
6624 5756 4758
6625 5840 3680
6626 5840 4753
6627 5840 4536
6628 5840 4052
6629 5840 4914
6630 5840 5907
6631 5840 4647
6632 5840 4821
6633 5840 4759
6634 5840 4143
6635 5840 5804
6636 5840 4693
6637 5852 5379
6638 5852 4582
6639 5852 5891
6640 5852 3902
6641 5852 5035
6642 5852 3534
6643 5852 3425
6644 5852 3917
6645 5852 4653
6646 5852 3531
6647 5852 4022
6648 5852 5485
6649 5892 4063
6650 5892 6032
6651 5892 4341
6652 5892 5645
6653 5892 6072
6654 5892 3430
6655 5892 4224
6656 5892 5472
6657 5892 4042
6658 5892 4732
6659 5892 5693
6660 5892 6025
6661 5934 5509
6662 5934 3352
6663 5934 4326
6664 5934 4909
6665 5934 4250
6666 5934 3615
6667 5934 4521
6668 5934 4273
6669 5934 5855
6670 5934 3532
6671 5934 4833
6672 5934 5335
6673 5935 5516
6674 5935 3481
6675 5935 4548
6676 5935 5501
6677 5935 3851
6678 5935 4505
6679 5935 5800
6680 5935 3199
6681 5935 4735
6682 5935 4791
6683 5935 4129
6684 5935 4029
6685 5947 5360
6686 5947 4657
6687 5947 4183
6688 5947 4571
6689 5947 3691
6690 5947 4722
6691 5947 5192
6692 5947 5885
6693 5947 4634
6694 5947 3619
6695 5947 4288
6696 5947 5196
6697 6086 6004
6698 6086 3631
6699 6086 4788
6700 6086 4966
6701 6086 4252
6702 6086 3786
6703 6086 4761
6704 6086 5974
6705 6086 3384
6706 6086 5512
6707 6086 4640
6708 6086 4091
6709 6087 5743
6710 6087 5312
6711 6087 4715
6712 6087 5409
6713 6087 4547
6714 6087 4182
6715 6087 4823
6716 6087 3780
6717 6087 4733
6718 6087 4083
6719 6087 6031
6720 6087 3545
6721 3965 5194
6722 3965 4794
6723 3965 6362
6724 3965 4015
6725 3965 4716
6726 3965 4764
6727 3965 4039
6728 3965 6631
6729 3965 5645
6730 3965 4666
6731 3965 4527
6732 3965 6664
6733 4060 5039
6734 4060 5404
6735 4060 5512
6736 4060 4318
6737 4060 5795
6738 4060 5864
6739 4060 4329
6740 4060 5863
6741 4060 4693
6742 4060 4741
6743 4060 3969
6744 4060 5373
6745 4157 4482
6746 4157 5277
6747 4157 5259
6748 4157 6513
6749 4157 4536
6750 4157 6325
6751 4157 6697
6752 4157 5356
6753 4157 5403
6754 4157 6367
6755 4157 6428
6756 4157 4165
6757 4249 4913
6758 4249 6624
6759 4249 5139
6760 4249 5972
6761 4249 4252
6762 4249 3931
6763 4249 4053
6764 4249 5360
6765 4249 5192
6766 4249 5614
6767 4249 4707
6768 4249 4494
6769 4255 5478
6770 4255 3966
6771 4255 4286
6772 4255 4364
6773 4255 5026
6774 4255 5836
6775 4255 4516
6776 4255 5602
6777 4255 4612
6778 4255 4143
6779 4255 4311
6780 4255 4812
6781 4300 4864
6782 4300 3952
6783 4300 4758
6784 4300 6065
6785 4300 4909
6786 4300 4633
6787 4300 6679
6788 4300 6560
6789 4300 5724
6790 4300 4299
6791 4300 5723
6792 4300 3972
6793 4306 6561
6794 4306 4737
6795 4306 4131
6796 4306 5616
6797 4306 4867
6798 4306 4222
6799 4306 5884
6800 4306 5473
6801 4306 6225
6802 4306 4518
6803 4306 4021
6804 4306 4285
6805 4308 4026
6806 4308 5470
6807 4308 4649
6808 4308 4701
6809 4308 5017
6810 4308 6055
6811 4308 5468
6812 4308 5463
6813 4308 6677
6814 4308 5743
6815 4308 6106
6816 4308 4657
6817 4645 5643
6818 4645 6691
6819 4645 6107
6820 4645 5516
6821 4645 5943
6822 4645 4854
6823 4645 5365
6824 4645 5094
6825 4645 4036
6826 4645 6667
6827 4645 4224
6828 4645 4691
6829 4648 4827
6830 4648 5488
6831 4648 5948
6832 4648 4786
6833 4648 5379
6834 4648 3977
6835 4648 6084
6836 4648 5849
6837 4648 5797
6838 4648 4873
6839 4648 6576
6840 4648 5467
6841 4662 4906
6842 4662 6098
6843 4662 6320
6844 4662 4466
6845 4662 6036
6846 4662 6524
6847 4662 5922
6848 4662 6446
6849 4662 5421
6850 4662 5151
6851 4662 5395
6852 4662 4763
6853 4731 5940
6854 4731 6648
6855 4731 6517
6856 4731 5887
6857 4731 6389
6858 4731 5457
6859 4731 4896
6860 4731 4183
6861 4731 6608
6862 4731 4859
6863 4731 4068
6864 4731 5998
6865 4785 3968
6866 4785 3917
6867 4785 6546
6868 4785 6094
6869 4785 3894
6870 4785 4089
6871 4785 5722
6872 4785 4173
6873 4785 4962
6874 4785 6034
6875 4785 4844
6876 4785 5362
6877 4803 5952
6878 4803 5280
6879 4803 4939
6880 4803 6605
6881 4803 5312
6882 4803 5848
6883 4803 6704
6884 4803 5916
6885 4803 4791
6886 4803 3813
6887 4803 5891
6888 4803 4789
6889 4815 6515
6890 4815 6028
6891 4815 5548
6892 4815 5354
6893 4815 5244
6894 4815 4128
6895 4815 6611
6896 4815 6695
6897 4815 5855
6898 4815 6314
6899 4815 4602
6900 4815 6485
6901 4857 6322
6902 4857 4582
6903 4857 5276
6904 4857 4733
6905 4857 5460
6906 4857 6069
6907 4857 5451
6908 4857 6540
6909 4857 4233
6910 4857 4817
6911 4857 4950
6912 4857 6341
6913 4910 6029
6914 4910 6715
6915 4910 6579
6916 4910 4773
6917 4910 4210
6918 4910 6422
6919 4910 4282
6920 4910 6698
6921 4910 6673
6922 4910 4897
6923 4910 5390
6924 4910 4847
6925 4911 4853
6926 4911 6487
6927 4911 4468
6928 4911 4548
6929 4911 4618
6930 4911 5273
6931 4911 4746
6932 4911 6550
6933 4911 4431
6934 4911 5234
6935 4911 6005
6936 4911 6711
6937 4919 6656
6938 4919 4351
6939 4919 4634
6940 4919 5358
6941 4919 3740
6942 4919 4667
6943 4919 4713
6944 4919 6391
6945 4919 6051
6946 4919 4833
6947 4919 4726
6948 4919 4521
6949 4920 4886
6950 4920 6059
6951 4920 4775
6952 4920 5472
6953 4920 6606
6954 4920 4584
6955 4920 5338
6956 4920 4821
6957 4920 6626
6958 4920 4031
6959 4920 4661
6960 4920 6514
6961 5369 4777
6962 5369 5434
6963 5369 4639
6964 5369 6390
6965 5369 6634
6966 5369 5371
6967 5369 6653
6968 5369 6045
6969 5369 3898
6970 5369 5945
6971 5369 4918
6972 5369 5446
6973 5396 4188
6974 5396 4505
6975 5396 5515
6976 5396 6423
6977 5396 6555
6978 5396 4709
6979 5396 5357
6980 5396 6703
6981 5396 4878
6982 5396 6416
6983 5396 5274
6984 5396 5985
6985 5405 4020
6986 5405 5389
6987 5405 4348
6988 5405 4795
6989 5405 6683
6990 5405 6231
6991 5405 4086
6992 5405 6060
6993 5405 5250
6994 5405 6415
6995 5405 5163
6996 5405 6625
6997 5444 6602
6998 5444 5033
6999 5444 6016
7000 5444 5997
7001 5444 5779
7002 5444 4395
7003 5444 4915
7004 5444 6070
7005 5444 5994
7006 5444 6720
7007 5444 6713
7008 5444 4102
7009 5449 4175
7010 5449 6672
7011 5449 6692
7012 5449 4288
7013 5449 5031
7014 5449 5216
7015 5449 6090
7016 5449 4974
7017 5449 3961
7018 5449 4510
7019 5449 5484
7020 5449 5452
7021 5450 5306
7022 5450 5238
7023 5450 5509
7024 5450 6103
7025 5450 4341
7026 5450 5264
7027 5450 5499
7028 5450 4921
7029 5450 5501
7030 5450 6450
7031 5450 4124
7032 5450 4738
7033 5454 5297
7034 5454 3910
7035 5454 5335
7036 5454 5941
7037 5454 4033
7038 5454 5304
7039 5454 6651
7040 5454 5856
7041 5454 5410
7042 5454 5800
7043 5454 6142
7044 5454 6002
7045 5455 5885
7046 5455 6112
7047 5455 4571
7048 5455 6082
7049 5455 5693
7050 5455 4177
7051 5455 5257
7052 5455 4016
7053 5455 5108
7054 5455 6072
7055 5455 6457
7056 5455 6287
7057 5469 4209
7058 5469 3851
7059 5469 5907
7060 5469 5262
7061 5469 4013
7062 5469 6493
7063 5469 6636
7064 5469 5388
7065 5469 4884
7066 5469 4182
7067 5469 5263
7068 5469 4802
7069 5503 5409
7070 5503 5015
7071 5503 5307
7072 5503 4231
7073 5503 5915
7074 5503 5913
7075 5503 6663
7076 5503 6353
7077 5503 6658
7078 5503 4843
7079 5503 4650
7080 5503 5726
7081 5755 6701
7082 5755 4567
7083 5755 5289
7084 5755 5332
7085 5755 6650
7086 5755 3736
7087 5755 4091
7088 5755 4118
7089 5755 5322
7090 5755 4365
7091 5755 4010
7092 5755 4732
7093 5756 4979
7094 5756 4052
7095 5756 4334
7096 5756 5236
7097 5756 5321
7098 5756 4816
7099 5756 5475
7100 5756 5963
7101 5756 5035
7102 5756 5837
7103 5756 4271
7104 5756 4647
7105 5840 4225
7106 5840 5466
7107 5840 6420
7108 5840 5697
7109 5840 5308
7110 5840 5485
7111 5840 4083
7112 5840 5758
7113 5840 5971
7114 5840 4493
7115 5840 6229
7116 5840 6516
7117 5852 4087
7118 5852 5439
7119 5852 6660
7120 5852 6430
7121 5852 6047
7122 5852 4914
7123 5852 6006
7124 5852 4883
7125 5852 4259
7126 5852 6334
7127 5852 6075
7128 5852 4273
7129 5892 5875
7130 5892 6646
7131 5892 4038
7132 5892 6483
7133 5892 4905
7134 5892 4966
7135 5892 5601
7136 5892 4958
7137 5892 5366
7138 5892 5313
7139 5892 5754
7140 5892 4214
7141 5934 6091
7142 5934 5303
7143 5934 6369
7144 5934 5210
7145 5934 4863
7146 5934 3850
7147 5934 5968
7148 5934 5883
7149 5934 5375
7150 5934 5545
7151 5934 5517
7152 5934 5959
7153 5935 6613
7154 5935 5974
7155 5935 4640
7156 5935 4566
7157 5935 4519
7158 5935 4850
7159 5935 4715
7160 5935 6436
7161 5935 5382
7162 5935 4134
7163 5935 3814
7164 5935 6629
7165 5947 5018
7166 5947 4121
7167 5947 5387
7168 5947 4319
7169 5947 5378
7170 5947 4704
7171 5947 4772
7172 5947 4630
7173 5947 6366
7174 5947 5391
7175 5947 4178
7176 5947 4781
7177 6086 5721
7178 6086 6666
7179 6086 4619
7180 6086 6337
7181 6086 5960
7182 6086 5753
7183 6086 5804
7184 6086 4042
7185 6086 5939
7186 6086 4659
7187 6086 5946
7188 6086 4834
7189 6087 4547
7190 6087 5944
7191 6087 4808
7192 6087 4753
7193 6087 6078
7194 6087 4474
7195 6087 4825
7196 6087 4759
7197 6087 6571
7198 6087 6674
7199 6087 4022
7200 6087 6617
7201 6282 4515
7202 6282 5372
7203 6282 6236
7204 6282 6427
7205 6282 6032
7206 6282 6064
7207 6282 6618
7208 6282 4305
7209 6282 5402
7210 6282 4761
7211 6282 3970
7212 6282 4326
7213 6344 4256
7214 6344 6031
7215 6344 4712
7216 6344 6232
7217 6344 5294
7218 6344 6010
7219 6344 6689
7220 6344 5738
7221 6344 4064
7222 6344 6675
7223 6344 5908
7224 6344 6644
7225 6440 3780
7226 6440 5967
7227 6440 6622
7228 6440 5729
7229 6440 4672
7230 6440 6328
7231 6440 4247
7232 6440 5196
7233 6440 6661
7234 6440 4799
7235 6440 5272
7236 6440 5519
7237 6530 6619
7238 6530 4238
7239 6530 5419
7240 6530 4653
7241 6530 4489
7242 6530 6425
7243 6530 6554
7244 6530 5448
7245 6530 5714
7246 6530 4916
7247 6530 6638
7248 6530 5237
7249 6559 4513
7250 6559 5888
7251 6559 4002
7252 6559 5869
7253 6559 4034
7254 6559 4236
7255 6559 6336
7256 6559 4309
7257 6559 4840
7258 6559 3725
7259 6559 6445
7260 6559 5486
7261 6639 4866
7262 6639 3902
7263 6639 5873
7264 6639 6685
7265 6639 4320
7266 6639 6507
7267 6639 4776
7268 6639 4810
7269 6639 5792
7270 6639 5806
7271 6639 4057
7272 6639 4865
7273 6642 4851
7274 6642 6662
7275 6642 6426
7276 6642 6429
7277 6642 6049
7278 6642 5638
7279 6642 4714
7280 6642 4780
7281 6642 6014
7282 6642 6025
7283 6642 6089
7284 6642 5213
7285 6647 5899
7286 6647 4735
7287 6647 4543
7288 6647 4656
7289 6647 5167
7290 6647 6004
7291 6647 4629
7292 6647 4872
7293 6647 5193
7294 6647 4023
7295 6647 6538
7296 6647 4497
7297 6680 5759
7298 6680 4768
7299 6680 4307
7300 6680 6469
7301 6680 4250
7302 6680 4788
7303 6680 4845
7304 6680 4487
7305 6680 4638
7306 6680 3779
7307 6680 6534
7308 6680 5897
7309 6682 5992
7310 6682 6067
7311 6682 5442
7312 6682 6641
7313 6682 5695
7314 6682 4849
7315 6682 4467
7316 6682 6645
7317 6682 4823
7318 6682 4520
7319 6682 5923
7320 6682 4465
